0 0.469824 0.168217 0.254647 0.492564 0.762591 0.772344 0.588988 0.779301 0.860077 1.11043 1.40088 1.57368 1.31746 0.61711 0.238118 0.281819 0.731681 0.713032 0.877343 0.548275 0.539192 0.550489 0.978985 1.84213 1.61838 1.9977 1.98865 1.81848 1.80321 1.57111 1.06383 0.86775 0.872773 0.830227 1.64192 1.57684 1.24156 1.17011 1.03419 1.04742 1.31017 1.57906 1.65406 2.02336 2.05829 2.34708 2.14748e+09 2.16681 2.05899 1.73785 1.45796 1.47471 1.18142 1.29298 0.889647 0.846037 1.01406 1.08513 1.15827 1.1206 1.09402 1.05741 1.16568 1.47149 1.36319 1.65717 1.58432 1.66633 1.54108 1.50901 1.40161 1.64682 1.42937 1.36929 1.41203 1.44443 1.37441 1.28946 1.19896 1.34817 1.95329 1.09347 1.08017 0.774953 0.441563 0.343607 0.311672 0.566732 0.595588 0.747714 0.811471 0.827306 0.779343 0.684404 0.582156 0.632704 0.641177 1.05061 1.07514 1.0792 1.12599 1.28674 1.32441 1.57427 1.51281 1.60037 1.67046 1.94539 1.58857 1.19354 1.33844 1.46003 1.42929 1.7448 1.65253 1.68494 2.24883 2.61487 2.71188 3.04914 3.06785 2.83306 2.07271 1.87836 1.59184 1.58354 1.87056 1.85961 1.69883 1.88421 2.11238 2.24421 2.85569 2.69763 3.16382 3.02124 2.92912 3.02638 2.65057 2.19693 2.05086 1.93201 1.87584 2.40086 2.10365 2.08368 2.09332 1.91151 1.98094 2.4412 2.34356 2.78377 2.8657 3.82268 3.61472 4.19023 3.83992 4.09174 3.59462 2.97777 2.71574 2.47266 2.70575 2.18139 1.91156 1.95097 1.81489 1.9045 1.85848 2.19246 2.28482 2.45834 2.65195 2.58613 2.86849 2.82941 3.07554 2.88839 2.78 2.74167 2.83842 2.53956 2.60209 2.21685 2.61471 1.86961 2.16344 1.81293 1.89029 2.01456 1.62029 1.65131 1.4443 1.18765 1.46662 1.15065 1.51322 1.36432 1.68814 1.53951 1.57923 1.40077 1.39793 1.15843 1.25163 0.899287 0.873727 0.840628 0.84107 0.861211 0.905507 0.83732 0.961898 1.08864 1.76045 1.96185 2.14155 
0.469824 0 0.301607 0.641701 0.625953 0.979102 0.905733 0.805498 1.16636 1.1649 1.49749 1.7057 1.96073 1.53184 0.59858 0.244725 0.263289 0.296467 0.64463 0.442129 0.479873 0.520661 0.557096 0.960454 1.84873 1.59985 2.23728 1.97012 1.98532 1.7987 1.55258 1.05932 0.799349 0.804372 0.761825 1.57351 1.50844 1.17316 1.10171 0.965793 0.979014 1.30565 1.51065 1.64954 1.95496 2.05377 2.51392 2.14748e+09 2.4516 2.2755 2.02264 1.67447 1.7595 1.39793 1.59781 1.10616 1.06255 1.23057 1.29943 1.29165 1.25399 1.31053 1.27392 1.38219 1.688 1.5797 1.87368 1.80083 1.88284 1.7576 1.72552 1.61813 1.86333 1.64588 1.5858 1.62854 1.66094 1.59092 1.50597 1.33235 1.48156 2.1676 1.22685 1.29668 0.908342 0.530535 0.476996 0.158152 0.285511 0.442068 0.474881 0.65795 0.646857 0.551223 0.475933 0.428636 0.766093 0.487657 0.897087 0.921621 0.925683 0.972467 1.13322 1.17089 1.42075 1.35929 1.44685 1.51694 1.79187 1.11875 0.990287 0.86862 1.30651 1.19429 1.59128 1.41754 1.44995 2.09531 2.46135 2.55548 2.81415 2.88587 2.62981 1.86945 1.40853 1.38859 1.38028 1.72025 1.65635 1.54852 1.68096 1.80073 2.04095 2.54403 2.49437 2.88984 2.81799 2.69413 2.86198 2.44731 2.04662 1.90055 1.7817 1.72553 2.19774 1.95334 1.93337 1.94301 1.75799 1.82742 2.29088 2.19004 2.63346 2.71218 3.67237 3.4612 4.03992 3.65365 3.93822 3.35963 2.74278 2.48075 2.23767 2.47076 1.94639 1.75804 1.79745 1.66137 1.75098 1.70496 2.03894 2.1313 2.22335 2.41696 2.35114 2.6335 2.59442 2.84055 2.6534 2.54501 2.50668 2.60343 2.38604 2.44857 2.06333 2.46119 1.71609 2.00992 1.65941 1.73677 1.86104 1.46677 1.49779 1.29078 1.03413 1.11556 1.00034 1.30997 1.21401 1.48488 1.3892 1.42892 1.24725 1.24762 1.00491 1.09811 0.745767 0.720207 0.687108 0.687549 0.994601 0.751987 0.683799 0.753428 0.860524 1.55198 1.73373 1.93308 
0.168217 0.301607 0 0.3647 0.324346 0.677495 0.604126 0.503891 0.889354 0.970129 1.22049 1.51093 1.68373 1.42751 0.785328 0.271035 0.450037 0.598074 0.881249 0.743736 0.716492 0.602112 0.583406 1.0419 1.87504 1.6813 2.05362 2.04109 1.80166 1.83613 1.63403 1.09675 0.933332 0.975047 0.998444 1.74419 1.67911 1.34384 1.23569 1.09978 1.113 1.34309 1.64464 1.68697 2.08894 2.0912 2.33026 2.14748e+09 2.14999 1.97389 1.72104 1.37287 1.45789 1.09632 1.40304 0.804551 0.760941 0.928961 0.997824 0.990048 0.952386 1.00893 0.972316 1.08058 1.38639 1.27809 1.57207 1.49923 1.58124 1.45599 1.42392 1.31652 1.56172 1.34427 1.28419 1.32694 1.35934 1.28932 1.20436 1.03074 1.17995 1.86599 0.925248 0.995073 0.606735 0.273345 0.17539 0.143455 0.58411 0.427371 0.77348 0.643253 0.659088 0.611125 0.516186 0.413939 0.464486 0.472959 0.88239 0.906924 0.910986 0.95777 1.11853 1.15619 1.40605 1.34459 1.43215 1.50224 1.77717 1.42036 1.02532 1.17023 1.29182 1.26107 1.57658 1.48431 1.51672 2.08062 2.44665 2.54367 2.88092 2.89963 2.66485 1.90449 1.71014 1.42363 1.41532 1.70234 1.69139 1.53061 1.71599 1.94417 2.07599 2.68747 2.52941 2.9956 2.85302 2.76091 2.85816 2.48235 2.02871 1.88264 1.7638 1.70763 2.23264 1.93543 1.91546 1.9251 1.74329 1.81272 2.27298 2.17535 2.61555 2.69749 3.65446 3.4465 4.02201 3.6717 3.92353 3.4264 2.80955 2.54753 2.30444 2.53753 2.01317 1.74335 1.78275 1.64667 1.73628 1.69026 2.02424 2.1166 2.29012 2.48374 2.41791 2.70027 2.66119 2.90732 2.72018 2.61178 2.57345 2.6702 2.37134 2.43388 2.04864 2.44649 1.70139 1.99522 1.64472 1.72207 1.84634 1.45207 1.48309 1.27609 1.01943 1.2984 0.982431 1.34501 1.19611 1.51992 1.37129 1.41101 1.23256 1.22971 0.990216 1.08341 0.73107 0.705509 0.672411 0.672852 0.692994 0.73729 0.669102 0.793681 0.920426 1.59223 1.79363 1.97333 
0.254647 0.641701 0.3647 0 0.367305 0.507944 0.647086 0.334341 0.524654 0.605429 0.855787 1.14623 1.31903 1.06281 0.871757 0.396976 0.536466 0.815502 0.967679 0.922785 0.802922 0.728053 0.709347 1.16785 1.66882 1.80724 1.74305 2.16703 1.56383 1.96207 1.75997 1.22269 1.05927 1.10099 1.08487 1.87013 1.80505 1.46978 1.36164 1.22572 1.23894 1.46903 1.77058 1.81291 1.92586 1.97958 2.09243 2.14748e+09 1.91216 1.80434 1.48321 1.20331 1.22006 0.92677 1.03834 0.635 0.59139 0.75941 0.83048 1.01426 0.955449 0.839377 0.802765 0.91103 1.21684 1.10854 1.40252 1.32968 1.41169 1.28644 1.25437 1.14697 1.39217 1.17472 1.11464 1.15739 1.18979 1.11977 1.03481 1.0737 1.22291 1.69865 0.968207 0.825522 0.649695 0.190628 0.18931 0.508154 0.59803 0.79207 0.787401 1.00795 0.959376 0.863742 0.788453 0.657603 0.478406 0.837659 1.24709 1.27162 1.27569 1.32247 1.48323 1.52089 1.77075 1.70929 1.79685 1.86694 2.14187 1.76045 1.39002 1.51032 1.65652 1.62577 1.94128 1.84901 1.88142 2.44531 2.81135 2.90837 3.24562 3.26433 3.02955 2.26919 2.05023 1.78833 1.78002 2.06704 2.05609 1.89531 2.08069 2.30887 2.44069 3.05217 2.89411 3.3603 3.21772 3.12561 3.22286 2.84705 2.39341 2.24734 2.1285 2.07233 2.59734 2.30013 2.28016 2.2898 2.10799 2.17742 2.63768 2.54005 2.98025 3.06219 4.01916 3.8112 4.38671 4.0364 4.28822 3.7911 3.17425 2.91223 2.66914 2.90223 2.37787 2.10804 2.14745 2.01137 2.10098 2.05496 2.38894 2.4813 2.65482 2.84844 2.78261 3.06497 3.02589 3.27202 3.08488 2.97648 2.93815 3.0349 2.73604 2.79857 2.41334 2.81119 2.06609 2.35992 2.00942 2.08677 2.21104 1.81677 1.84779 1.64078 1.38413 1.6631 1.34713 1.70971 1.56081 1.88462 1.73599 1.77571 1.59725 1.59441 1.35492 1.44811 1.09577 1.07021 1.03711 0.699016 0.706914 0.829625 0.912766 1.06595 1.17304 1.8645 2.04625 2.2456 
0.492564 0.625953 0.324346 0.367305 0 0.353149 0.27978 0.179545 0.733125 0.972735 1.05059 1.36912 1.51383 1.40338 1.10967 0.595381 0.774383 0.92242 1.2056 1.06808 1.04084 0.926458 0.907752 1.36625 1.86363 1.86279 1.72927 2.21765 1.47732 2.10359 1.95838 1.4211 1.25768 1.29939 1.32279 2.06854 2.00346 1.66818 1.56004 1.42412 1.43734 1.66743 1.96898 2.01132 1.77106 1.89306 2.00592 2.14748e+09 1.82564 1.64954 1.39669 1.04852 1.13354 0.771975 1.08406 0.480205 0.436595 0.604615 0.673478 0.665702 0.62804 0.684582 0.64797 0.756235 1.06205 0.953747 1.24772 1.17488 1.25689 1.13164 1.09957 0.992172 1.23738 1.01993 0.959845 1.00259 1.03499 0.964971 0.880013 0.706395 0.855605 1.54165 0.600902 0.670727 0.282389 0.176678 0.499736 0.467801 0.908456 0.751717 1.09783 0.967599 0.983434 0.935471 0.840533 0.738285 0.669254 0.797305 1.20674 1.23127 1.23533 1.28212 1.44287 1.48053 1.7304 1.66894 1.7565 1.82659 2.10151 1.7447 1.34967 1.49457 1.61616 1.58541 1.90093 1.80866 1.84107 2.40496 2.771 2.86801 3.20526 3.22397 2.98919 2.22883 2.03448 1.74797 1.73967 2.02669 2.01574 1.85496 2.04034 2.26851 2.40033 3.01182 2.85376 3.31995 3.17737 3.08525 3.18251 2.80669 2.35306 2.20699 2.08814 2.03197 2.55699 2.25978 2.23981 2.24945 2.06764 2.13707 2.59732 2.49969 2.9399 3.02183 3.97881 3.77085 4.34636 3.99605 4.24787 3.75075 3.1339 2.87187 2.62879 2.86188 2.33751 2.06769 2.1071 1.97102 2.06063 2.01461 2.34859 2.44095 2.61447 2.80808 2.74225 3.02462 2.98554 3.23167 3.04452 2.93613 2.8978 2.99455 2.69568 2.75822 2.37298 2.77084 2.02574 2.31956 1.96906 2.04642 2.17069 1.77642 1.80744 1.60043 1.34378 1.62275 1.30678 1.66935 1.52045 1.84427 1.69564 1.73536 1.5569 1.55406 1.31456 1.40776 1.05542 1.02986 0.996757 0.889863 0.897762 1.02047 0.993448 1.11803 1.24477 1.91658 2.11798 2.29768 
0.762591 0.979102 0.677495 0.507944 0.353149 0 0.39814 0.173604 0.706172 1.11337 1.02364 1.34018 1.48688 1.37642 1.3797 0.90492 1.04441 1.27557 1.47562 1.42123 1.31087 1.236 1.21729 1.67579 1.83667 1.69678 1.56327 2.05164 1.31131 1.93759 1.82531 1.73064 1.56722 1.60893 1.59282 2.37808 2.313 1.97772 1.86958 1.73366 1.74688 1.97697 1.98375 2.13129 1.60506 1.72706 1.83991 2.14748e+09 1.65964 1.62259 1.23069 1.02157 0.96754 0.745022 0.85173 0.453252 0.192566 0.251466 0.322536 0.506319 0.556625 0.440553 0.403941 0.590231 0.991196 0.787743 1.08172 1.00888 1.09089 0.965638 0.933567 0.826168 1.15465 0.853923 0.739456 0.758561 0.790962 0.720942 0.635984 0.646625 0.795834 1.1907 0.523337 0.317578 0.222619 0.529827 0.697254 0.82095 1.10597 1.10487 1.29534 1.32075 1.33658 1.28862 1.19368 1.09143 0.986351 1.15045 1.55989 1.58442 1.58848 1.63526 1.79602 1.83368 2.08354 2.02209 2.10965 2.17974 2.45466 2.09785 1.70282 1.84772 1.96931 1.93856 2.25408 2.16181 2.19422 2.75811 3.12414 3.22116 3.55841 3.57712 3.34234 2.58198 2.38763 2.10112 2.09282 2.37984 2.36888 2.20811 2.39349 2.62166 2.75348 3.36497 3.2069 3.6731 3.53052 3.4384 3.53566 3.15984 2.70621 2.56014 2.44129 2.38512 2.91014 2.61293 2.59296 2.6026 2.42079 2.49022 2.95047 2.85284 3.29305 3.37498 4.33196 4.124 4.69951 4.3492 4.60102 4.1039 3.48705 3.22502 2.98194 3.21503 2.69066 2.42084 2.46025 2.32417 2.41378 2.36776 2.70174 2.79409 2.96762 3.16123 3.0954 3.37777 3.33869 3.58481 3.39767 3.28928 3.25095 3.34769 3.04883 3.11137 2.72613 3.12399 2.37888 2.67271 2.32221 2.39957 2.52384 2.12957 2.16059 1.95358 1.69692 1.9759 1.65993 2.0225 1.8736 2.19741 2.04879 2.0885 1.91005 1.90721 1.66771 1.76091 1.40856 1.383 1.34991 1.20696 1.21486 1.33757 1.3466 1.47118 1.59792 2.26973 2.47113 2.65083 
0.772344 0.905733 0.604126 0.647086 0.27978 0.39814 0 0.459325 0.941494 1.25251 1.25896 1.49495 1.7222 1.61175 1.38945 0.875161 1.05416 1.2022 1.48538 1.34786 1.32062 1.20624 1.18753 1.64603 2.02637 1.85155 1.71803 2.17021 1.46608 2.05616 1.98008 1.70088 1.53746 1.57917 1.60257 2.34832 2.28324 1.94796 1.83982 1.7039 1.71712 1.94721 2.10232 2.28605 1.72363 1.88182 1.99468 2.14748e+09 1.81441 1.85791 1.38545 1.25689 1.12231 0.980345 0.864738 0.688574 0.205574 0.649606 0.453023 0.683377 0.569633 0.453561 0.416949 0.744997 1.14596 0.942509 1.23648 1.16364 1.24565 1.1204 1.08833 0.980934 1.30942 0.972493 0.752464 0.771569 0.80397 0.73395 0.648992 0.930723 0.93586 1.32119 0.848502 0.715718 0.529989 0.456458 0.779516 0.747581 1.18824 1.0315 1.37761 1.24738 1.26321 1.21525 1.12031 1.01806 0.949034 1.07709 1.48652 1.51105 1.51511 1.5619 1.72265 1.76031 2.01018 1.94872 2.03628 2.10637 2.38129 2.02448 1.62945 1.77435 1.89594 1.86519 2.18071 2.08844 2.12085 2.68474 3.05078 3.14779 3.48504 3.50375 3.26897 2.50861 2.31426 2.02775 2.01945 2.30647 2.29552 2.13474 2.32012 2.54829 2.68011 3.2916 3.13354 3.59973 3.45715 3.36503 3.46229 3.08647 2.63284 2.48677 2.36792 2.31175 2.83677 2.53956 2.51959 2.52923 2.34742 2.41685 2.8771 2.77947 3.21968 3.30161 4.25859 4.05063 4.62614 4.27583 4.52765 4.03053 3.41368 3.15165 2.90857 3.14166 2.61729 2.34747 2.38688 2.2508 2.34041 2.29439 2.62837 2.72073 2.89425 3.08786 3.02203 3.3044 3.26532 3.51145 3.3243 3.21591 3.17758 3.27433 2.97546 3.038 2.65276 3.05062 2.30552 2.59934 2.24884 2.3262 2.45047 2.0562 2.08722 1.88021 1.62356 1.90253 1.58656 1.94913 1.80023 2.12405 1.97542 2.01514 1.83668 1.83384 1.59434 1.68754 1.3352 1.30964 1.27654 1.16964 1.17754 1.30025 1.27323 1.39781 1.52455 2.19636 2.39776 2.57746 
0.588988 0.805498 0.503891 0.334341 0.179545 0.173604 0.459325 0 0.553579 0.93977 0.871046 1.18958 1.33429 1.22383 1.2061 0.731317 0.870807 1.10197 1.30202 1.24763 1.13726 1.06239 1.04369 1.50219 1.68408 1.68324 1.54973 2.0381 1.29777 1.92404 1.81177 1.55703 1.39361 1.43533 1.41921 2.20447 2.1394 1.80412 1.69598 1.56006 1.57328 1.80337 1.97021 2.11775 1.59152 1.71351 1.82637 2.14748e+09 1.6461 1.47 1.21714 0.868974 0.953999 0.59243 0.904513 0.300659 0.257049 0.42507 0.496139 0.679923 0.621109 0.505037 0.468425 0.576689 0.882501 0.774202 1.06818 0.995335 1.07735 0.952097 0.920026 0.812627 1.05783 0.840382 0.7803 0.823045 0.855445 0.785425 0.700468 0.820228 0.969438 1.36431 0.696941 0.491182 0.396222 0.356223 0.52365 0.647346 0.932371 0.931262 1.12174 1.14714 1.16298 1.11502 1.02008 0.91783 0.812747 0.976851 1.38628 1.41082 1.41488 1.46166 1.62242 1.66008 1.90994 1.84848 1.93604 2.00613 2.28106 1.92425 1.52922 1.67412 1.79571 1.76496 2.08047 1.9882 2.02061 2.58451 2.95054 3.04756 3.38481 3.40352 3.16874 2.40838 2.21403 1.92752 1.91921 2.20623 2.19528 2.03451 2.21988 2.44806 2.57988 3.19136 3.0333 3.4995 3.35691 3.2648 3.36205 2.98624 2.5326 2.38653 2.26769 2.21152 2.73653 2.43932 2.41935 2.429 2.24719 2.31662 2.77687 2.67924 3.11944 3.20138 4.15835 3.9504 4.5259 4.17559 4.42742 3.93029 3.31344 3.05142 2.80833 3.04142 2.51706 2.24724 2.28664 2.15056 2.24017 2.19415 2.52813 2.62049 2.79401 2.98763 2.9218 3.20416 3.16508 3.41121 3.22407 3.11568 3.07734 3.17409 2.87523 2.93777 2.55253 2.95038 2.20528 2.49911 2.14861 2.22596 2.35023 1.95596 1.98699 1.77998 1.52332 1.80229 1.48632 1.8489 1.7 2.02381 1.87519 1.9149 1.73645 1.7336 1.49411 1.5873 1.23496 1.2094 1.1763 1.03336 1.04125 1.16397 1.17299 1.29757 1.42432 2.09612 2.29752 2.47722 
0.779301 1.16636 0.889354 0.524654 0.733125 0.706172 0.941494 0.553579 0 0.970608 0.331133 1.01307 0.794375 0.670251 1.39641 0.92163 1.06112 1.34016 1.49233 1.44744 1.32758 1.25271 1.234 1.2704 1.14417 1.42465 1.29114 1.79492 1.03918 1.74897 1.55318 1.71103 1.58393 1.62564 1.60953 2.39479 2.32971 1.99443 1.88629 1.75037 1.76359 1.95737 1.92032 1.85915 1.47601 1.45492 1.56778 2.14748e+09 1.38751 1.29349 0.958553 0.692461 0.695408 0.54469 0.5377 0.25292 0.735921 0.454706 0.98337 0.709559 0.781018 0.64262 0.524545 0.52895 0.834762 0.726463 0.887816 0.947596 1.02961 0.904358 0.872286 0.764888 1.01009 0.792642 0.732561 0.879165 0.992939 0.923009 0.838051 0.956906 1.03094 1.85154 1.22951 1.02375 0.92879 0.715282 0.713964 1.03281 1.12268 1.31672 1.31205 1.53261 1.48403 1.3884 1.31311 1.18226 1.00306 1.36231 1.77174 1.79628 1.80034 1.84712 2.00788 2.04554 2.2954 2.23395 2.32151 2.39159 2.66652 2.2851 1.91468 2.03498 2.18117 2.15042 2.46594 2.37367 2.40608 2.96997 3.336 3.43302 3.77027 3.78898 3.5542 2.79384 2.57489 2.31298 2.30467 2.59169 2.58074 2.41997 2.60535 2.83352 2.96534 3.57682 3.41876 3.88496 3.74238 3.65026 3.74751 3.3717 2.91807 2.77199 2.65315 2.59698 3.122 2.82478 2.80482 2.81446 2.63265 2.70208 3.16233 3.0647 3.50491 3.58684 4.54382 4.33586 4.91136 4.56105 4.81288 4.31576 3.69891 3.43688 3.1938 3.42689 2.90252 2.6327 2.67211 2.53602 2.62563 2.57961 2.9136 3.00595 3.17947 3.37309 3.30726 3.58962 3.55054 3.79667 3.60953 3.50114 3.46281 3.55955 3.26069 3.32323 2.93799 3.33585 2.59074 2.88457 2.53407 2.61142 2.7357 2.34142 2.37245 2.16544 1.90878 2.18775 1.87178 2.23436 2.08546 2.40927 2.26065 2.30036 2.12191 2.11907 1.87957 1.97277 1.62042 1.59486 1.56176 1.22367 1.23157 1.35428 1.43742 1.5906 1.6977 2.38915 2.5709 2.77025 
0.860077 1.1649 0.970129 0.605429 0.972735 1.11337 1.25251 0.93977 0.970608 0 0.742988 0.540804 1.20623 0.45738 0.720272 0.920173 1.05556 1.42093 1.48678 1.52821 1.32202 1.23977 1.1429 1.05753 1.18762 1.35594 1.13762 1.7262 1.20876 1.76678 1.60364 1.49816 1.49283 1.6127 1.60397 2.38185 2.31269 1.91388 1.79519 1.65927 1.67249 1.7445 1.97862 2.02874 1.59136 1.62451 1.73736 2.14748e+09 1.55709 1.34194 1.12814 0.740916 0.86499 0.464372 0.432908 0.756142 1.09207 0.957928 1.33952 1.21278 1.25163 1.05217 0.880696 0.760732 0.754443 0.685193 0.979169 0.906326 0.988337 0.863088 0.831017 0.831526 0.929773 0.948404 0.964343 1.23532 1.22472 1.2837 1.2476 1.46013 1.53416 2.20769 1.57364 1.43095 1.25512 0.796057 0.794739 1.11358 1.20346 1.3975 1.39283 1.61338 1.56481 1.46917 1.39388 1.26303 1.08384 1.44309 1.85252 1.87705 1.88112 1.9279 2.08866 2.12632 2.37618 2.31472 2.40228 2.47237 2.7473 2.28365 1.99545 2.03352 2.26194 2.2312 2.54671 2.45444 2.48685 3.05074 3.41678 3.5138 3.85105 3.86976 3.63498 2.87462 2.57343 2.39375 2.38545 2.67247 2.66152 2.50074 2.68612 2.91429 3.04612 3.6576 3.49954 3.96573 3.82315 3.73104 3.82829 3.45248 2.99884 2.85277 2.73392 2.67776 3.20277 2.90556 2.88559 2.89523 2.71342 2.78285 3.24311 3.14548 3.58568 3.66761 4.62459 4.41663 4.99214 4.64183 4.89365 4.39653 3.77968 3.51766 3.27457 3.50766 2.9833 2.71347 2.75288 2.6168 2.70641 2.66039 2.99437 3.08673 3.26025 3.45387 3.38804 3.6704 3.63132 3.87745 3.69031 3.58191 3.54358 3.64033 3.34147 3.404 3.01877 3.41662 2.67152 2.96535 2.61484 2.6922 2.81647 2.4222 2.45322 2.24621 1.98956 2.26853 1.95256 2.31514 2.16624 2.49005 2.34142 2.38114 2.20268 2.19984 1.96035 2.05354 1.7012 1.67564 1.64254 1.30444 1.31234 1.43505 1.5182 1.67138 1.77847 2.46993 2.65168 2.85103 
1.11043 1.49749 1.22049 0.855787 1.05059 1.02364 1.25896 0.871046 0.331133 0.742988 0 0.681933 0.463243 0.417578 1.46326 1.25276 1.39225 1.67129 1.82347 1.77857 1.65871 1.45752 1.39232 1.01773 0.813035 1.09352 0.960003 1.46379 0.708048 1.41784 1.22205 1.45836 1.74225 1.60967 1.94066 2.37882 2.31374 1.97846 1.82976 1.90869 1.71738 1.70469 1.58918 1.52802 1.14488 1.12379 1.23665 2.14748e+09 1.05637 0.962353 0.627421 0.361329 0.364275 0.278617 0.868833 0.570387 1.05339 0.772173 1.30084 1.02703 1.09848 0.907639 0.842012 0.616203 0.568688 0.499438 0.556683 0.692141 0.705555 0.677333 0.645262 0.645771 0.744018 0.762649 0.819814 1.08653 1.08019 1.18803 1.10307 1.27437 1.3484 2.169 1.54698 1.34122 1.24626 1.04641 1.0451 1.36394 1.45382 1.64786 1.64319 1.86374 1.81516 1.71953 1.64424 1.51339 1.33419 1.69345 2.10288 2.12741 2.13147 2.17826 2.33901 2.37667 2.62654 2.56508 2.65264 2.72273 2.99765 2.61624 2.24581 2.36611 2.5123 2.48155 2.79707 2.7048 2.73721 3.3011 3.66714 3.76415 4.1014 4.12011 3.88533 3.12497 2.90602 2.64411 2.63581 2.92283 2.91188 2.7511 2.93648 3.16465 3.29647 3.90796 3.7499 4.21609 4.07351 3.98139 4.07865 3.70283 3.2492 3.10313 2.98428 2.92811 3.45313 3.15592 3.13595 3.14559 2.96378 3.03321 3.49346 3.39583 3.83604 3.91797 4.87495 4.66699 5.2425 4.89219 5.14401 4.64689 4.03004 3.76801 3.52493 3.75802 3.23365 2.96383 3.00324 2.86716 2.95677 2.91075 3.24473 3.33709 3.51061 3.70422 3.63839 3.92076 3.88168 4.12781 3.94066 3.83227 3.79394 3.89069 3.59183 3.65436 3.26912 3.66698 2.92188 3.2157 2.8652 2.94256 3.06683 2.67256 2.70358 2.49657 2.23992 2.51889 2.20292 2.56549 2.41659 2.74041 2.59178 2.6315 2.45304 2.4502 2.2107 2.3039 1.95156 1.926 1.8929 1.5548 1.5627 1.68541 1.76855 1.92173 2.02883 2.72029 2.90204 3.10138 
1.40088 1.7057 1.51093 1.14623 1.36912 1.34018 1.49495 1.18958 1.01307 0.540804 0.681933 0 1.14518 0.452415 1.26108 1.46098 1.59637 1.96174 2.02758 2.06902 1.86282 1.49236 1.42716 1.05256 0.646817 0.815134 0.596819 1.1854 0.716417 1.22598 1.06283 1.4932 1.77708 1.64451 2.14477 2.41365 2.34858 2.0133 1.86459 1.94353 1.75221 1.55245 1.43782 1.53639 1.15325 1.13216 1.24502 2.14748e+09 1.06474 0.921629 0.63579 0.320605 0.372645 0.597149 0.973712 0.88892 1.28938 1.08872 1.53683 1.27121 1.41503 1.04139 1.16054 0.749954 0.863802 0.552441 0.565053 0.651417 0.713924 0.730337 0.698265 0.698774 0.811043 0.940426 0.953564 1.2643 1.21394 1.32178 1.23682 1.51855 1.59258 2.40499 1.86352 1.65776 1.5628 1.33686 1.33554 1.65439 1.74426 1.9383 1.93363 2.15419 2.10561 2.00998 1.93469 1.80384 1.62464 1.98389 2.39332 2.41786 2.42192 2.4687 2.62946 2.66712 2.91698 2.85552 2.94309 3.01317 3.2881 2.82445 2.53626 2.57432 2.80275 2.772 3.08752 2.99524 3.02765 3.59155 3.95758 4.0546 4.39185 4.41056 4.17578 3.41542 3.11423 2.93456 2.92625 3.21327 3.20232 3.04155 3.22693 3.4551 3.58692 4.1984 4.04034 4.50654 4.36396 4.27184 4.36909 3.99328 3.53965 3.39357 3.27473 3.21856 3.74358 3.44636 3.4264 3.43604 3.25423 3.32366 3.78391 3.68628 4.12649 4.20842 5.1654 4.95744 5.53294 5.18263 5.43446 4.93733 4.32048 4.05846 3.81538 4.04846 3.5241 3.25428 3.29369 3.1576 3.24721 3.20119 3.53518 3.62753 3.80105 3.99467 3.92884 4.2112 4.17212 4.41825 4.23111 4.12272 4.08439 4.18113 3.88227 3.94481 3.55957 3.95743 3.21232 3.50615 3.15565 3.233 3.35727 2.963 2.99403 2.78702 2.53036 2.80933 2.49336 2.85594 2.70704 3.03085 2.88223 2.92194 2.74349 2.74065 2.50115 2.59435 2.242 2.21644 2.18334 1.84525 1.85315 1.97586 2.059 2.21218 2.31928 3.01073 3.19248 3.39183 
1.57368 1.96073 1.68373 1.31903 1.51383 1.48688 1.7222 1.33429 0.794375 1.20623 0.463243 1.14518 0 0.880821 1.9265 1.71601 1.8555 2.13453 2.28671 2.24181 2.12195 1.92076 1.85556 1.48097 0.666057 1.55676 1.07948 1.47582 1.17129 1.27086 1.08207 1.81803 2.15994 2.07291 2.4039 2.84206 2.70692 2.44171 2.18942 2.32639 1.98028 1.57169 1.45706 1.6277 1.60339 1.58703 1.69989 2.14748e+09 1.51962 1.4256 1.09066 0.824571 0.827518 0.741859 1.33208 1.03363 1.51663 1.23542 1.76408 1.49027 1.56173 1.37088 1.30525 1.07945 1.03193 0.96268 1.01993 1.15538 1.1688 1.14058 1.1085 1.10901 1.20726 1.22589 1.28306 1.54977 1.54343 1.65127 1.56631 1.73762 1.81165 2.63225 2.01022 1.80446 1.7095 1.50966 1.50834 1.82718 1.91706 2.1111 2.10643 2.32698 2.27841 2.18277 2.10748 1.97663 1.79744 2.15669 2.56612 2.59065 2.59471 2.6415 2.80226 2.83992 3.08978 3.02832 3.11588 3.18597 3.4609 3.07948 2.70905 2.82935 2.97554 2.9448 3.26031 3.16804 3.20045 3.76434 4.13038 4.2274 4.56465 4.58336 4.34858 3.58822 3.36926 3.10735 3.09905 3.38607 3.37512 3.21434 3.39972 3.62789 3.75972 4.3712 4.21314 4.67933 4.53675 4.44463 4.54189 4.16608 3.71244 3.56637 3.44752 3.39136 3.91637 3.61916 3.59919 3.60883 3.42702 3.49645 3.95671 3.85907 4.29928 4.38121 5.33819 5.13023 5.70574 5.35543 5.60725 5.11013 4.49328 4.23126 3.98817 4.22126 3.6969 3.42707 3.46648 3.3304 3.42001 3.37399 3.70797 3.80033 3.97385 4.16747 4.10164 4.384 4.34492 4.59105 4.4039 4.29551 4.25718 4.35393 4.05507 4.1176 3.73237 4.13022 3.38512 3.67895 3.32844 3.4058 3.53007 3.1358 3.16682 2.95981 2.70316 2.98213 2.66616 3.02874 2.87984 3.20365 3.05502 3.09474 2.91628 2.91344 2.67394 2.76714 2.4148 2.38924 2.35614 2.01804 2.02594 2.14865 2.2318 2.38498 2.49207 3.18353 3.36528 3.56463 
1.31746 1.53184 1.42751 1.06281 1.40338 1.37642 1.61175 1.22383 0.670251 0.45738 0.417578 0.452415 0.880821 0 1.10522 1.28711 1.29731 1.7 1.68135 1.81693 1.51659 1.03994 0.974741 0.600149 0.756023 1.23955 1.04923 1.56579 1.12563 1.36083 1.17204 1.04078 1.32467 1.19209 1.79854 1.96124 1.89616 1.56088 1.41218 1.49111 1.2998 1.28712 1.54702 1.631 1.56246 1.54137 1.65423 2.14748e+09 1.47395 1.37404 1.045 0.77302 0.781853 0.696195 0.890288 0.923171 1.40617 1.12496 1.65362 1.37981 1.45127 1.31287 1.1948 1.03378 0.986266 0.917016 0.974262 1.10383 1.12313 1.09491 1.06284 1.06335 1.1616 1.18023 1.23739 1.5041 1.49777 1.59326 1.5083 1.62716 1.70119 2.52179 1.89976 1.694 1.59904 1.25344 1.25212 1.57096 1.49217 1.85488 1.68154 1.81459 1.82363 1.75788 1.66491 1.72041 1.54122 1.90047 2.3099 2.33443 2.33849 2.38528 2.54604 2.5837 2.83356 2.7721 2.85966 2.92975 3.20468 2.65059 2.45283 2.40046 2.71932 2.68858 3.00409 2.91182 2.94423 3.50812 3.87416 3.97118 4.30843 4.32714 4.09236 3.332 2.94037 2.85113 2.84283 3.12985 3.1189 2.95812 3.1435 3.33257 3.5035 4.07587 3.95692 4.42168 4.28053 4.18841 4.28567 3.90986 3.45622 3.31015 3.1913 3.13513 3.66015 3.36294 3.34297 3.35261 3.1708 3.24023 3.70049 3.60285 4.04306 4.12499 5.08197 4.87401 5.44952 5.09921 5.35103 4.85391 4.23706 3.97504 3.73195 3.96504 3.44068 3.17085 3.21026 3.07418 3.16379 3.11777 3.45175 3.54411 3.71763 3.91125 3.84542 4.12778 4.0887 4.33483 4.14768 4.03929 4.00096 4.09771 3.79885 3.86138 3.47615 3.874 3.1289 3.42273 3.07222 3.14958 3.27385 2.87958 2.9106 2.70359 2.44694 2.64739 2.40994 2.77252 2.62362 2.94743 2.7988 2.83852 2.66006 2.65722 2.41772 2.51092 2.15858 2.13302 2.09992 1.76182 1.76972 1.89243 1.93769 1.84192 2.06718 2.64048 2.94039 3.02158 
0.61711 0.59858 0.785328 0.871757 1.10967 1.3797 1.38945 1.2061 1.39641 0.720272 1.46326 1.26108 1.9265 1.10522 0 0.735003 0.335291 0.785153 0.766503 0.930815 0.601747 0.519496 0.422632 0.505076 1.51322 1.14447 1.7819 1.51474 1.52994 1.55532 1.0972 0.935977 0.772558 0.892431 0.883698 1.66157 1.59242 1.1936 1.07492 0.939002 0.952223 1.18231 1.47219 1.5262 1.88784 1.93043 2.05854 2.14748e+09 2.27736 2.06221 1.84841 1.46119 1.58526 1.18464 1.15318 1.47641 1.46315 1.63117 1.70224 1.77538 1.73771 1.71113 1.60097 1.481 1.47471 1.40546 1.69944 1.6266 1.70861 1.58336 1.55129 1.5518 1.65004 1.66868 1.68461 1.95559 1.94499 1.99152 1.90657 1.81607 1.96528 2.5704 1.71058 1.69728 1.39206 1.05867 0.960717 0.756732 0.620204 1.04065 0.801186 0.899748 0.918995 0.885915 0.810626 1.02722 1.17549 1.08624 1.49567 1.5202 1.52426 1.57105 1.7318 1.76946 2.01933 1.95787 2.04543 2.11552 2.39044 1.71733 1.58887 1.4672 1.90509 1.79287 2.18986 2.01612 2.04853 2.69389 3.05993 3.15406 3.41273 3.48445 3.22839 2.46803 2.00711 1.98717 1.97886 2.31883 2.25493 2.1471 2.27953 2.39931 2.63953 3.14261 3.09295 3.48842 3.41656 3.29271 3.46056 3.04589 2.6452 2.49913 2.38028 2.32411 2.79632 2.55192 2.53195 2.54159 2.35657 2.426 2.88946 2.78862 3.23204 3.31076 4.27095 4.05978 4.6385 4.25223 4.5368 3.95821 3.34136 3.07933 2.83625 3.06934 2.54497 2.35662 2.39603 2.25995 2.34956 2.30354 2.63752 2.72988 2.82193 3.01554 2.94971 3.23208 3.193 3.43913 3.25198 3.14359 3.10526 3.20201 2.98462 3.04715 2.66191 3.05977 2.31467 2.6085 2.25799 2.33535 2.45962 2.06535 2.09637 1.88936 1.63271 1.71414 1.59892 1.90855 1.81259 2.08346 1.98778 2.02749 1.84583 1.8462 1.60349 1.69669 1.34435 1.31879 1.28569 1.28613 1.404 1.2958 1.08341 1.08812 1.19522 1.88667 2.06842 2.26777 
0.238118 0.244725 0.271035 0.396976 0.595381 0.90492 0.875161 0.731317 0.92163 0.920173 1.25276 1.46098 1.71601 1.28711 0.735003 0 0.508013 0.541192 0.84341 0.686854 0.678653 0.331077 0.312371 0.770869 1.60401 1.41027 2.01744 1.77006 1.79574 1.5651 1.363 0.825716 0.662297 0.704012 0.960605 1.47315 1.40808 1.0728 0.96466 0.828742 0.841962 1.07205 1.3736 1.41594 1.81791 1.82017 2.32434 2.14748e+09 2.30914 2.20131 1.88018 1.60029 1.61704 1.32375 1.35308 1.03198 0.988366 1.15639 1.22746 1.26108 1.22342 1.23635 1.19974 1.30801 1.61382 1.50552 1.79949 1.72665 1.80866 1.68341 1.65134 1.54394 1.78915 1.5717 1.51162 1.55436 1.58676 1.51674 1.43178 1.30178 1.45099 2.09562 1.19628 1.2225 0.87777 0.54438 0.446424 0.402877 0.371789 0.686793 0.561159 0.822445 0.733134 0.6375 0.562211 0.673361 0.735521 0.732381 1.14181 1.16635 1.17041 1.21719 1.37795 1.41561 1.66547 1.60401 1.69158 1.76166 2.03659 1.36347 1.23501 1.11335 1.55124 1.43902 1.836 1.66226 1.69467 2.34004 2.70607 2.80021 3.05887 3.1306 2.87453 2.11418 1.65326 1.63331 1.62501 1.96497 1.90108 1.79325 1.92568 2.04545 2.28567 2.78876 2.7391 3.13456 3.06271 2.93886 3.1067 2.69204 2.29134 2.14527 2.02643 1.97026 2.44247 2.19806 2.17809 2.18773 2.00272 2.07215 2.53561 2.43477 2.87818 2.95691 3.91709 3.70593 4.28464 3.89838 4.18295 3.60435 2.9875 2.72548 2.48239 2.71548 2.19112 2.00277 2.04217 1.90609 1.9957 1.94968 2.28367 2.37602 2.46807 2.66169 2.59586 2.87822 2.83914 3.08527 2.89813 2.78974 2.7514 2.84815 2.63076 2.6933 2.30806 2.70592 1.96081 2.25464 1.90414 1.98149 2.10576 1.71149 1.74252 1.53551 1.27885 1.36028 1.24506 1.55469 1.45874 1.72961 1.63392 1.67364 1.49198 1.49234 1.24964 1.34283 0.990492 0.964931 0.931833 0.932274 0.964029 0.996712 0.834991 0.839705 0.946801 1.63826 1.82001 2.01936 
0.281819 0.263289 0.450037 0.536466 0.774383 1.04441 1.05416 0.870807 1.06112 1.05556 1.39225 1.59637 1.8555 1.29731 0.335291 0.508013 0 0.449862 0.431212 0.595524 0.266456 0.257373 0.757923 0.697165 1.70531 1.33656 1.97399 1.70683 1.72203 1.58528 1.28929 0.845898 0.585931 0.590954 0.548407 1.3601 1.29502 0.959745 0.888294 0.752375 0.765596 1.09223 1.29724 1.43612 1.74154 1.84035 2.25063 2.14748e+09 2.44863 2.3408 2.01967 1.73978 1.75653 1.46324 1.48847 1.17147 1.12786 1.29588 1.36695 1.44008 1.40242 1.37584 1.33923 1.4475 1.75331 1.64501 1.93898 1.86614 1.94815 1.8229 1.79083 1.68343 1.92864 1.71119 1.65111 1.69385 1.72625 1.65623 1.57127 1.48078 1.62999 2.23511 1.37528 1.36199 1.05677 0.723382 0.625426 0.421441 0.284913 0.705357 0.465895 0.564457 0.583704 0.550624 0.475335 0.691925 0.8402 0.750945 1.16038 1.18491 1.18897 1.23576 1.39651 1.43417 1.68404 1.62258 1.71014 1.78023 2.05515 1.38204 1.25358 1.13191 1.5698 1.45758 1.85457 1.68083 1.71324 2.3586 2.72464 2.81877 3.07743 3.14916 2.8931 2.13274 1.67182 1.65188 1.64357 1.98354 1.91964 1.81181 1.94424 2.06402 2.30424 2.80732 2.75766 3.15313 3.08127 2.95742 3.12527 2.7106 2.30991 2.16383 2.04499 1.98882 2.46103 2.21663 2.19666 2.2063 2.02128 2.09071 2.55417 2.45333 2.89675 2.97547 3.93566 3.72449 4.30321 3.91694 4.20151 3.62292 3.00607 2.74404 2.50096 2.73405 2.20968 2.02133 2.06074 1.92466 2.01427 1.96825 2.30223 2.39459 2.48664 2.68025 2.61442 2.89679 2.85771 3.10384 2.91669 2.8083 2.76997 2.86672 2.64932 2.71186 2.32662 2.72448 1.97938 2.2732 1.9227 2.00006 2.12433 1.73006 1.76108 1.55407 1.29742 1.37885 1.26363 1.57326 1.4773 1.74817 1.65249 1.6922 1.51054 1.51091 1.2682 1.3614 1.00906 0.983495 0.950397 0.950838 1.06871 0.960509 0.748115 0.752829 0.859925 1.55138 1.73313 1.93248 
0.731681 0.296467 0.598074 0.815502 0.92242 1.27557 1.2022 1.10197 1.34016 1.42093 1.67129 1.96174 2.13453 1.7 0.785153 0.541192 0.449862 0 0.348163 0.145662 0.183406 0.707235 0.734903 1.09985 1.91482 1.62833 2.26475 1.70719 2.0128 1.50223 1.4988 0.762848 0.502882 0.507904 0.465358 1.27705 1.21197 0.876695 0.805244 0.669326 0.682547 1.00918 1.21419 1.35307 1.65849 1.7573 2.29783 2.14748e+09 2.72766 2.57196 2.29871 1.97094 2.03556 1.6944 1.85384 1.40262 1.35901 1.52703 1.5959 1.58812 1.55046 1.607 1.57039 1.67865 1.98447 1.87617 2.17014 2.0973 2.17931 2.05406 2.02199 1.91459 2.1598 1.94235 1.88227 1.92501 1.95741 1.88739 1.80243 1.62882 1.77802 2.46407 1.52332 1.59315 1.20481 0.827003 0.626193 0.454619 0.217472 0.606385 0.202692 0.481408 0.374667 0.483184 0.407894 0.725103 0.77276 0.784124 1.19355 1.21809 1.22215 1.26893 1.42969 1.46735 1.71721 1.65576 1.74332 1.8134 2.08833 1.41522 1.28675 1.16509 1.60298 1.49076 1.88775 1.71401 1.74642 2.39178 2.75781 2.85195 3.11061 3.18234 2.92628 2.16592 1.705 1.68506 1.67675 2.01671 1.95282 1.84499 1.97742 2.0972 2.33742 2.8405 2.79084 3.18631 3.11445 2.9906 3.15845 2.74378 2.34309 2.19701 2.07817 2.022 2.49421 2.2498 2.22984 2.23948 2.05446 2.12389 2.58735 2.48651 2.92993 3.00865 3.96884 3.75767 4.33638 3.95012 4.23469 3.6561 3.03925 2.77722 2.53414 2.76723 2.24286 2.05451 2.09392 1.95784 2.04745 2.00143 2.33541 2.42776 2.51982 2.71343 2.6476 2.92996 2.89089 3.13701 2.94987 2.84148 2.80315 2.89989 2.6825 2.74504 2.3598 2.75766 2.01255 2.30638 1.95588 2.03323 2.15751 1.76324 1.79426 1.58725 1.33059 1.41202 1.2968 1.60644 1.51048 1.78135 1.68567 1.72538 1.54372 1.54409 1.30138 1.39458 1.04223 1.01667 0.983575 0.984017 1.00127 0.893069 0.680675 0.685389 0.792485 1.48394 1.66569 1.86504 
0.713032 0.64463 0.881249 0.967679 1.2056 1.47562 1.48538 1.30202 1.49233 1.48678 1.82347 2.02758 2.28671 1.68135 0.766503 0.84341 0.431212 0.348163 0 0.493825 0.164757 0.688585 0.834159 1.0812 1.89617 1.60968 2.2461 1.68854 1.99415 1.48358 1.48015 0.744199 0.484232 0.489255 0.446709 1.2584 1.19332 0.858046 0.786595 0.650676 0.663897 0.990534 1.19554 1.33442 1.63984 1.73865 2.27918 2.14748e+09 2.87984 2.77202 2.45089 2.17099 2.18774 1.89445 1.91968 1.60268 1.55907 1.72709 1.79816 1.8713 1.83363 1.80706 1.77044 1.87871 2.18452 2.07622 2.3702 2.29735 2.37937 2.25412 2.22204 2.11465 2.30143 2.1424 2.08232 2.12506 2.15746 2.08744 2.00249 1.91199 2.0612 2.66633 1.8065 1.7932 1.48798 1.15459 0.880342 0.802782 0.471622 0.678641 0.364196 0.462759 0.482005 0.647704 0.662044 0.890769 1.02691 1.13229 1.54172 1.56625 1.57031 1.6171 1.77785 1.81552 2.06538 2.00392 2.09148 2.16157 2.4365 1.76338 1.63492 1.51325 1.95114 1.83893 2.23591 2.06217 2.09458 2.73994 3.10598 3.20011 3.45878 3.53051 3.27444 2.51408 2.05316 2.03322 2.02491 2.36488 2.30098 2.19315 2.32559 2.44536 2.68558 3.18866 3.139 3.53447 3.46262 3.33876 3.50661 3.09194 2.69125 2.54518 2.42633 2.37016 2.84237 2.59797 2.578 2.58764 2.40262 2.47205 2.93551 2.83467 3.27809 3.35681 4.317 4.10583 4.68455 4.29828 4.58285 4.00426 3.38741 3.12538 2.8823 3.11539 2.59103 2.40267 2.44208 2.306 2.39561 2.34959 2.68357 2.77593 2.86798 3.06159 2.99577 3.27813 3.23905 3.48518 3.29803 3.18964 3.15131 3.24806 3.03067 3.0932 2.70796 3.10582 2.36072 2.65455 2.30404 2.3814 2.50567 2.1114 2.14242 1.93541 1.67876 1.76019 1.64497 1.9546 1.85864 2.12951 2.03383 2.07355 1.89188 1.89225 1.64954 1.74274 1.3904 1.36484 1.33174 1.14968 1.25542 1.14722 0.934824 0.912346 0.957004 1.7109 1.83021 2.092 
0.877343 0.442129 0.743736 0.922785 1.06808 1.42123 1.34786 1.24763 1.44744 1.52821 1.77857 2.06902 2.24181 1.81693 0.930815 0.686854 0.595524 0.145662 0.493825 0 0.329068 0.852896 0.842186 1.24551 2.06048 1.77399 2.41042 1.85285 2.15846 1.64789 1.64446 0.90851 0.648543 0.653566 0.473064 1.42271 1.35763 1.02236 0.950906 0.814988 0.828209 1.15485 1.35985 1.49873 1.80415 1.90296 2.44349 2.14748e+09 2.83495 2.71763 2.40599 2.1166 2.14285 1.84006 1.96112 1.54829 1.50468 1.6727 1.74156 1.73378 1.69612 1.75266 1.71605 1.82432 2.13013 2.02183 2.3158 2.24296 2.32497 2.19972 2.16765 2.06025 2.30546 2.08801 2.02793 2.07067 2.10307 2.03305 1.94809 1.77448 1.92369 2.60973 1.66898 1.73881 1.35047 0.972664 0.733475 0.600281 0.324755 0.539078 0.135385 0.62707 0.30736 0.590467 0.515177 0.806735 0.880043 0.929786 1.33922 1.36375 1.36781 1.4146 1.57535 1.61301 1.86288 1.80142 1.88898 1.95907 2.23399 1.56088 1.43242 1.31075 1.74864 1.63642 2.03341 1.85967 1.89208 2.53744 2.90348 2.99761 3.25627 3.328 3.07194 2.31158 1.85066 1.83072 1.82241 2.16238 2.09848 1.99065 2.12308 2.24286 2.48308 2.98616 2.9365 3.33197 3.26011 3.13626 3.30411 2.88944 2.48875 2.34268 2.22383 2.16766 2.63987 2.39547 2.3755 2.38514 2.20012 2.26955 2.73301 2.63217 3.07559 3.15431 4.1145 3.90333 4.48205 4.09578 4.38035 3.80176 3.18491 2.92288 2.6798 2.91289 2.38852 2.20017 2.23958 2.1035 2.19311 2.14709 2.48107 2.57343 2.66548 2.85909 2.79326 3.07563 3.03655 3.28268 3.09553 2.98714 2.94881 3.04556 2.82817 2.8907 2.50546 2.90332 2.15822 2.45204 2.10154 2.1789 2.30317 1.9089 1.93992 1.73291 1.47626 1.55769 1.44247 1.7521 1.65614 1.92701 1.83133 1.87104 1.68938 1.68975 1.44704 1.54024 1.1879 1.16234 1.12924 1.06565 1.10855 1.00035 0.787957 0.792671 0.899767 1.59122 1.77297 1.97232 
0.548275 0.479873 0.716492 0.802922 1.04084 1.31087 1.32062 1.13726 1.32758 1.32202 1.65871 1.86282 2.12195 1.51659 0.601747 0.678653 0.266456 0.183406 0.164757 0.329068 0 0.523828 0.669402 0.916444 1.73141 1.44492 2.08135 1.52378 1.82939 1.31882 1.3154 0.579442 0.319476 0.324498 0.281952 1.09364 1.02856 0.693289 0.621838 0.48592 0.499141 0.825777 1.03078 1.16966 1.47509 1.57389 2.11443 2.14748e+09 2.71508 2.60726 2.28613 2.00624 2.02298 1.72969 1.75493 1.43792 1.39431 1.56233 1.6334 1.70654 1.66888 1.6423 1.60569 1.71395 2.01976 1.91146 2.20544 2.1326 2.21461 2.08936 2.05729 1.94989 2.13668 1.97764 1.91756 1.96031 1.99271 1.92269 1.83773 1.74723 1.89644 2.50157 1.64174 1.62844 1.32323 0.989838 0.715585 0.638025 0.306865 0.513884 0.199439 0.298002 0.317248 0.482947 0.497287 0.726012 0.862153 0.96753 1.37696 1.40149 1.40556 1.45234 1.6131 1.65076 1.90062 1.83916 1.92672 1.99681 2.27174 1.59862 1.47016 1.34849 1.78639 1.67417 2.07115 1.89741 1.92982 2.57519 2.94122 3.03535 3.29402 3.36575 3.10968 2.34932 1.8884 1.86846 1.86016 2.20012 2.13623 2.02839 2.16083 2.2806 2.52082 3.02391 2.97425 3.36971 3.29786 3.17401 3.34185 2.92718 2.52649 2.38042 2.26158 2.20541 2.67761 2.43321 2.41324 2.42288 2.23787 2.3073 2.77076 2.66992 3.11333 3.19206 4.15224 3.94108 4.51979 4.13352 4.4181 3.8395 3.22265 2.96063 2.71754 2.95063 2.42627 2.23792 2.27732 2.14124 2.23085 2.18483 2.51881 2.61117 2.70322 2.89684 2.83101 3.11337 3.07429 3.32042 3.13328 3.02488 2.98655 3.0833 2.86591 2.92845 2.54321 2.94106 2.19596 2.48979 2.13929 2.21664 2.34091 1.94664 1.97766 1.77066 1.514 1.59543 1.48021 1.78984 1.69389 1.96476 1.86907 1.90879 1.72713 1.72749 1.48479 1.57798 1.22564 1.20008 1.16698 0.984926 1.09066 0.982461 0.770067 0.74759 0.792248 1.54614 1.66545 1.92724 
0.539192 0.520661 0.602112 0.728053 0.926458 1.236 1.20624 1.06239 1.25271 1.23977 1.45752 1.49236 1.92076 1.03994 0.519496 0.331077 0.257373 0.707235 0.688585 0.852896 0.523828 0 0.643448 0.439793 1.44793 1.07919 1.71662 1.44946 1.46466 1.36726 1.03192 0.627879 0.359751 0.372935 0.80578 1.14208 1.077 0.741726 0.662114 0.526195 0.539416 0.874214 1.07106 1.2181 1.51536 1.62233 1.99326 2.14748e+09 2.50053 2.41399 2.07158 1.81296 1.80843 1.65482 1.67268 1.36305 1.31944 1.48746 1.55853 1.59216 1.5545 1.56743 1.53082 1.63908 1.94489 1.8366 2.00084 2.05773 2.13974 2.01449 1.98242 1.87502 1.94977 1.90278 1.84269 1.88544 1.91784 1.84782 1.76286 1.63285 1.78206 2.4267 1.52736 1.55358 1.20885 0.875457 0.777501 0.678813 0.542285 0.962729 0.723268 0.82183 0.841077 0.807997 0.732708 0.949298 1.0666 1.00832 1.41775 1.44228 1.44634 1.49313 1.65389 1.69155 1.94141 1.87995 1.96751 2.0376 2.31253 1.63941 1.51095 1.38928 1.82717 1.71496 2.11194 1.9382 1.97061 2.61597 2.98201 3.07614 3.33481 3.40654 3.15047 2.39011 1.92919 1.90925 1.90094 2.24091 2.17701 2.06918 2.20162 2.32139 2.56161 3.0647 3.01503 3.4105 3.33865 3.21479 3.38264 2.96797 2.56728 2.42121 2.30236 2.24619 2.7184 2.474 2.45403 2.46367 2.27865 2.34808 2.81155 2.7107 3.15412 3.23284 4.19303 3.98186 4.56058 4.17431 4.45888 3.88029 3.26344 3.00142 2.75833 2.99142 2.46706 2.2787 2.31811 2.18203 2.27164 2.22562 2.5596 2.65196 2.74401 2.93763 2.8718 3.15416 3.11508 3.36121 3.17406 3.06567 3.02734 3.12409 2.9067 2.96923 2.584 2.98185 2.23675 2.53058 2.18007 2.25743 2.3817 1.98743 2.01845 1.81144 1.55479 1.63622 1.521 1.83063 1.73467 2.00554 1.90986 1.94958 1.76791 1.76828 1.52557 1.61877 1.26643 1.24087 1.20777 1.20821 1.29511 1.21788 1.00549 1.0102 1.1173 1.80875 1.99051 2.18985 
